http://0-101.net,0.674521,0.317543,0.006017,0.001920
http://000.cc,0.697911,0.283920,0.018045,0.000125
http://0000.jp,0.922219,0.076173,0.001551,0.000057
http://000relationships.com,0.007536,0.982891,0.009573,0.000001
http://000vitamins.com,0.669932,0.328958,0.001106,0.000003
http://000webhost.com,0.981360,0.018638,0.000002,0.000000
http://003my.com,0.798146,0.194459,0.004937,0.002458
http://007absolutehardcore.com/early_cumshots/index.html,0.000000,0.000001,0.030617,0.969382
http://007swz.cn,0.278936,0.268907,0.244016,0.208142
http://01768.com,0.264663,0.259593,0.245835,0.229908
http://0198.cc,0.781610,0.217249,0.001128,0.000013
http://01house.cn,0.271187,0.263580,0.245235,0.219997
http://01net.com,0.787567,0.211858,0.000559,0.000016
http://01yyy.com,0.122997,0.105409,0.334671,0.436924
http://020dna.com,0.006653,0.038976,0.202879,0.751493
http://020hp.net,0.535264,0.366147,0.069817,0.028773
http://020shenghuo.com,0.138023,0.738070,0.096049,0.027858
http://021cd.com,0.585355,0.331194,0.046565,0.036886
http://024haha.cn,0.264663,0.259593,0.245835,0.229908
http://028114.com,0.264663,0.259593,0.245835,0.229908
http://028town.com,0.916128,0.077837,0.003752,0.002283
http://029bus.cn,0.096165,0.174873,0.271058,0.457904
http://029zp.com,0.361751,0.312199,0.258035,0.068015
http://02et.cn,0.536879,0.365348,0.069334,0.028439
http://02ks.com,0.264663,0.259593,0.245835,0.229908
http://03.ru,0.899822,0.091818,0.008275,0.000085
http://031598.cn,0.266212,0.260273,0.248214,0.225301
http://0356edu.com,0.762862,0.236335,0.000773,0.000030
http://0371zk.com,0.264663,0.259593,0.245835,0.229908
http://051198.cn,0.266212,0.260273,0.248214,0.225301
http://0512.ws,0.251874,0.250552,0.249373,0.248201
http://0514pet.cn,0.278936,0.268907,0.244016,0.208142
http://0516glass.com,0.907849,0.092056,0.000093,0.000002
http://051998.cn,0.262765,0.259089,0.246515,0.231630
http://0551.tv,0.593720,0.361277,0.043404,0.001600
http://05927.com,0.827599,0.171842,0.000539,0.000020
http://0594pc.com,0.266184,0.349500,0.358785,0.025531
http://063198.cn,0.278936,0.268907,0.244016,0.208142
http://073698.cn,0.766240,0.222658,0.008110,0.002992
http://08.la,0.665576,0.314755,0.014846,0.004823
http://0800-horoscope.com,0.992434,0.007566,0.000000,0.000000
http://08aoyh.cn,0.399549,0.344605,0.159897,0.095949
http://0chan.ru,0.278936,0.268907,0.244016,0.208142
http://0o1-cr3w.com,0.527004,0.321883,0.115318,0.035796
http://0zz0.com,0.984769,0.015190,0.000040,0.000000
http://1-4a.com,0.985786,0.014188,0.000017,0.000008
http://1-in-a-million.com,0.251874,0.250552,0.249373,0.248201
http://1-sexe-gratuit.com,0.000000,0.000001,0.000012,0.999988
http://1-yo.com,0.517691,0.247864,0.149461,0.084984
http://1.1.1.1,0.289036,0.280106,0.243815,0.187044
http://100-xxx.ru,0.000065,0.000748,0.003328,0.995859
http://1000.tv,0.984909,0.015067,0.000024,0.000000
http://10000001.com.cn,0.264663,0.259593,0.245835,0.229908
http://10000birds.com,0.999059,0.000941,0.000000,0.000000
http://10000posturassexuales.com,0.000000,0.000006,0.000192,0.999802
http://10001downloads.com,0.937097,0.061876,0.001012,0.000014
http://1001.com,0.572411,0.379943,0.047019,0.000627
http://1001cinema.ru,0.326604,0.647346,0.022084,0.003967
http://1001dessous.com,0.924295,0.075155,0.000549,0.000001
http://1001hry.cz,0.960515,0.037763,0.001598,0.000124
http://1001movies.com,0.000000,0.000000,0.000003,0.999997
http://10086life.com,0.545363,0.252109,0.155003,0.047526
http://100bestdatingsites.com,0.000000,0.005712,0.994286,0.000001
http://100fal.com,0.880084,0.117019,0.002807,0.000090
http://100floors.com,0.976741,0.022771,0.000454,0.000034
http://100miles.jp,0.394841,0.358382,0.200390,0.046388
http://100nntop.com,0.354267,0.256120,0.220741,0.168872
http://100wangezi.com,0.966924,0.033034,0.000040,0.000002
http://101-sex-positions.com,0.000000,0.000000,0.000005,0.999995
http://10105180.com,0.842241,0.075639,0.040867,0.041253
http://101fetishes.com/femdomtorture/portal.htm,0.000000,0.000000,0.000002,0.999998
http://101greatgoals.com,0.999175,0.000825,0.000000,0.000000
http://102912.cn,0.084883,0.152275,0.446680,0.316162
http://102vechera.ru,0.895187,0.103659,0.001151,0.000002
http://103092804.com,0.755000,0.128978,0.065927,0.050095
http://10385.com,0.942736,0.057242,0.000022,0.000000
http://105k.cn,0.450584,0.367643,0.121456,0.060317
http://1080.cn,0.589654,0.393349,0.007215,0.009782
http://10percent.com,0.000052,0.004419,0.993874,0.001655
http://10upload.com,0.649723,0.292990,0.042800,0.014486
http://110mb.com,0.933475,0.066464,0.000055,0.000006
http://110vod.cn,0.264663,0.259593,0.245835,0.229908
http://11189.net,0.576251,0.395050,0.024841,0.003859
http://1133.cc,0.972138,0.027808,0.000052,0.000001
http://114af.com,0.810808,0.184847,0.003907,0.000437
http://114best.com,0.278936,0.268907,0.244016,0.208142
http://114jiancai.com.cn,0.363917,0.342397,0.270295,0.023391
http://114la.biz,0.572964,0.361072,0.051529,0.014435
http://114xia.com,0.470801,0.295375,0.124353,0.109470
http://118bo.com,0.932241,0.067700,0.000049,0.000010
http://1192.tv,0.874600,0.124339,0.001054,0.000008
http://11hd.com,0.422669,0.398794,0.153977,0.024560
http://121.160.9.232,0.524910,0.379931,0.083091,0.012069
http://122.225.103.131,0.262765,0.259089,0.246515,0.231630
http://1234bt.com,0.364480,0.270159,0.212937,0.152424
http://1234cao.com,0.395162,0.597593,0.006906,0.000339
http://1234hh.com,0.986720,0.013212,0.000041,0.000026
http://1234wyt.com,0.051446,0.598024,0.344097,0.006433
http://1235directory.com,0.308948,0.291613,0.238995,0.160445
http://123cha.com,0.959989,0.039788,0.000220,0.000004
http://123greetings.com,0.995900,0.004099,0.000000,0.000000
http://123movers.com,0.998195,0.001803,0.000002,0.000000
http://123peppy.com,0.277007,0.717398,0.005574,0.000020
http://123printcards.com,0.999175,0.000825,0.000000,0.000000
http://123rf.com,0.728060,0.270509,0.001406,0.000026
http://123tonosgratis.com,0.803831,0.187041,0.006701,0.002426
http://124.217.239.98/~crictime,0.919376,0.080394,0.000227,0.000004
http://124.38.234.186,0.870331,0.128923,0.000675,0.000070
http://126.com,0.967074,0.032889,0.000037,0.000001
http://126.net,0.420208,0.348193,0.162527,0.069072
http://128006.com,0.003563,0.047824,0.329485,0.619129
http://128888.com,0.805753,0.168108,0.011994,0.014145
http://12dx.com,0.957852,0.041765,0.000251,0.000132
http://12looklook.com,0.649445,0.338788,0.011061,0.000706
http://12simplerules.com,0.078291,0.756236,0.165346,0.000126
http://130game.com,0.270992,0.243118,0.238898,0.246992
http://1337-crew.to,0.887776,0.099043,0.012912,0.000268
http://13383.com,0.155416,0.687352,0.143875,0.013357
http://1348.com.cn,0.890759,0.101919,0.006958,0.000364
http://13wx.com,0.264313,0.259779,0.248911,0.226998
http://1400.com.cn,0.944934,0.055039,0.000024,0.000002
http://1477.cc,0.308948,0.291613,0.238995,0.160445
http://147xxoo.com,0.622292,0.336204,0.039387,0.002117
http://1492moeru.com,0.432959,0.341309,0.071514,0.154218
http://14daypowerchallenge.com,0.860974,0.121424,0.015567,0.002035
http://14sel.com,0.820771,0.173716,0.004561,0.000952
http://150m.com,0.999175,0.000825,0.000000,0.000000
http://159xxoo.com,0.000061,0.002950,0.043790,0.953199
http://15minutelunch.blogspot.com,0.868770,0.130279,0.000949,0.000002
http://1616.la,0.119147,0.152844,0.295083,0.432926
http://163data.com.cn,0.403089,0.348667,0.166940,0.081303
http://163tuba.com,0.421991,0.369849,0.177786,0.030374
http://163wyt.com,0.749175,0.243908,0.004648,0.002269
http://163xa.com,0.009968,0.159277,0.515656,0.315099
http://164.100.80.125,0.266212,0.260273,0.248214,0.225301
http://166r.cn,0.319002,0.256487,0.270982,0.153529
http://168dvdx.com,0.460372,0.389179,0.085911,0.064537
http://168mjl.com,0.439620,0.545682,0.013589,0.001109
http://169l.cn,0.791081,0.202533,0.006194,0.000192
http://16kan.com,0.631526,0.367974,0.000495,0.000005
http://16ql.cn,0.278936,0.268907,0.244016,0.208142
http://16reels.com,0.617269,0.322027,0.035480,0.025224
http://171l.cn,0.264663,0.259593,0.245835,0.229908
http://171v.cn,0.820036,0.168284,0.011378,0.000302
http://17395.com,0.206907,0.791138,0.001946,0.000009
http://173link.com,0.264663,0.259593,0.245835,0.229908
http://173youxi.com,0.931831,0.067765,0.000400,0.000004
http://17500.cn,0.997687,0.002310,0.000003,0.000000
http://178sf.com,0.278936,0.268907,0.244016,0.208142
http://17bb.com,0.000000,0.000000,0.000037,0.999962
http://17cl.com,0.363917,0.342397,0.270295,0.023391
http://17funtv.com,0.752279,0.232983,0.014289,0.000449
http://17game.com,0.414580,0.319471,0.247742,0.018207
http://17lw8.cn,0.899180,0.091563,0.008924,0.000333
http://17pei.com,0.218396,0.303691,0.233533,0.244381
http://17zzf.com,0.584131,0.321955,0.086707,0.007206
http://18-teenlife.ru,0.000000,0.000000,0.000001,0.999999
http://1800flowers.com,0.972981,0.026979,0.000039,0.000001
http://1800wheelchair.com,0.998765,0.001234,0.000001,0.000000
http://180r.com,0.465792,0.395678,0.099066,0.039463
http://1818game.com,0.492494,0.239891,0.144067,0.123548
http://1818z.com,0.952706,0.045793,0.001219,0.000282
http://1844.ir,0.872083,0.092426,0.025663,0.009827
http://186ad.com,0.759653,0.235021,0.005129,0.000197
http://188xiaoshuo.com,0.231029,0.315041,0.229414,0.224516
http://189.cn,0.684946,0.310489,0.004522,0.000043
http://18daygg.com,0.065351,0.098425,0.230217,0.606007
http://18eighteen.com,0.000000,0.000001,0.000256,0.999743
http://18games.net,0.000000,0.000000,0.000042,0.999958
http://18series.com,0.000000,0.000000,0.000146,0.999853
http://18sp.net,0.433367,0.263564,0.191427,0.111642
http://18sweet.net,0.000000,0.000003,0.000359,0.999638
http://18vids.net,0.000000,0.000000,0.000005,0.999995
http://18vr.com,0.984737,0.015246,0.000016,0.000001
http://190.66.24.246,0.278936,0.268907,0.244016,0.208142
http://192.1.2.224,0.278936,0.268907,0.244016,0.208142
http://192ee.us,0.184026,0.772895,0.015987,0.027091
http://19450.cn,0.613981,0.374407,0.010837,0.000774
http://195.100.100.199,0.523835,0.269084,0.166112,0.040968
http://195.135.224.62,0.706648,0.230224,0.042555,0.020573
http://195.88.33.231,0.480124,0.274275,0.135869,0.109732
http://196.1.237.210,0.269664,0.261346,0.244288,0.224701
http://196m.cn,0.264663,0.259593,0.245835,0.229908
http://197e.cn,0.759965,0.217366,0.022524,0.000145
http://19mei.com,0.834719,0.163516,0.001701,0.000065
http://19young.com,0.000000,0.000000,0.000003,0.999997
http://1a-sexlinks.de,0.002336,0.062949,0.897407,0.037308
http://1and1.com,0.870315,0.129495,0.000189,0.000002
http://1bestprotectionscanner.com,0.264663,0.259593,0.245835,0.229908
http://1centemails.com,0.875305,0.124342,0.000352,0.000001
http://1ddxx.com,0.271187,0.263580,0.245235,0.219997
http://1dp.cn,0.851784,0.145525,0.002308,0.000383
http://1fr1.net,0.969743,0.030210,0.000040,0.000006
http://1joo.com,0.305839,0.248336,0.244327,0.201499
http://1jour1pari.com,0.559173,0.365801,0.055881,0.019145
http://1m2n.com,0.966387,0.033608,0.000004,0.000000
http://1maxdeblogs.com,0.362901,0.320827,0.246114,0.070157
http://1phpscripts.com,0.993138,0.006817,0.000043,0.000001
http://1pixelout.net,0.999294,0.000667,0.000040,0.000000
http://1porno.com/004/lesbian/index.html,0.000000,0.000005,0.001136,0.998860
http://1porno.com/004/teens/index.html,0.000000,0.000000,0.000001,0.999999
http://1quickpcscanner.com,0.305839,0.248336,0.244327,0.201499
http://1sexynight.com,0.000000,0.000000,0.999991,0.000009
http://1sponsor.com,0.709990,0.181693,0.072554,0.035763
http://1st-attractive.com,0.000020,0.016418,0.980235,0.003327
http://1st-international.com,0.251874,0.250552,0.249373,0.248201
http://1stholistic.com,0.480841,0.516478,0.002579,0.000102
http://1stoldyoungporn.com,0.000006,0.000126,0.000894,0.998973
http://1stpussy.com/005/16/index.html,0.000000,0.000000,0.000001,0.999999
http://1und1.de,0.967126,0.032861,0.000013,0.000000
http://1under.ru,0.996615,0.003359,0.000026,0.000000
http://1up.com,0.955374,0.044522,0.000103,0.000001
http://1w2v.com,0.730628,0.152070,0.108692,0.008610
http://1wzwcn.cn,0.762438,0.226831,0.010291,0.000440
http://1zou.com,0.266212,0.260273,0.248214,0.225301
http://20079.com,0.712789,0.244791,0.041888,0.000531
http://20085.net,0.741955,0.244269,0.006521,0.007255
http://2008iis.com,0.644239,0.351694,0.003536,0.000530
http://202.129.216.33,0.266212,0.260273,0.248214,0.225301
http://202.210.152.59,0.289036,0.280106,0.243815,0.187044
http://203.131.208.152,0.703926,0.294396,0.001645,0.000033
http://208.la,0.497179,0.377320,0.119318,0.006183
http://209.200.77.37,0.264663,0.259593,0.245835,0.229908
http://20aabb.com,0.321112,0.288178,0.226397,0.164313
http://20ch.net,0.236730,0.723418,0.038355,0.001497
http://20th-century-sex.com,0.000000,0.000000,0.000009,0.999991
http://21-plastic.com,0.902082,0.095616,0.002210,0.000092
http://210.148.108.173,0.629001,0.344800,0.019819,0.006380
http://210.181.237.163,0.207599,0.292198,0.233480,0.266724
http://21323.com,0.981181,0.018699,0.000115,0.000005
http://216.195.57.253,0.264663,0.259593,0.245835,0.229908
http://216.218.200.124,0.863166,0.135177,0.001438,0.000219
http://21cn-school.com,0.915980,0.083608,0.000409,0.000004
http://21cn.com,0.469874,0.529578,0.000542,0.000005
http://21me.me,0.693014,0.232880,0.045600,0.028506
http://21shangji.com,0.326359,0.285836,0.233320,0.154485
http://21stockpile.com,0.682206,0.299272,0.015509,0.003013
http://2200book.com,0.308948,0.291613,0.238995,0.160445
http://221.231.148.249,0.264663,0.259593,0.245835,0.229908
http://222.173.188.50,0.278936,0.268907,0.244016,0.208142
http://222.73.26.228,0.784058,0.212477,0.003013,0.000452
http://22996099.com,0.904651,0.080349,0.011546,0.003453
http://236net.com,0.251874,0.250552,0.249373,0.248201
http://23aabb.com,0.000005,0.000053,0.000208,0.999733
http://24dating.ru,0.000494,0.751531,0.247966,0.000009
http://24girl.info,0.264663,0.259593,0.245835,0.229908
http://24h.com.vn,0.230707,0.765733,0.003340,0.000220
http://24here.com,0.302748,0.288371,0.240545,0.168337
http://24hfx.com,0.945812,0.052774,0.001397,0.000018
http://24hrcam.com/006/pussy811/index.html,0.000000,0.000000,0.000003,0.999997
http://24new.ru,0.075286,0.604469,0.282264,0.037981
http://24open.ru,0.446212,0.551589,0.002114,0.000084
http://24opole.pl,0.669455,0.328224,0.002313,0.000008
http://25shouji.cn,0.302748,0.288371,0.240545,0.168337
http://25u.com,0.998315,0.001684,0.000001,0.000000
http://25zs.com,0.885025,0.114906,0.000051,0.000018
http://26.la,0.659932,0.320400,0.019541,0.000127
http://260mb.com,0.572823,0.400344,0.024844,0.001989
http://265.com,0.949908,0.049839,0.000200,0.000054
http://265e.com,0.371883,0.470713,0.127832,0.029571
http://26966.com,0.477257,0.355651,0.103295,0.063796
http://2888.cc,0.675372,0.315268,0.008228,0.001131
http://28ktv.com,0.688798,0.227919,0.052879,0.030404
http://2adults.ru,0.000000,0.000005,0.000086,0.999908
http://2bulu.com,0.575220,0.335427,0.022167,0.067185
http://2ch.net,0.958621,0.041369,0.000009,0.000000
http://2ch.tc,0.846550,0.090204,0.050932,0.012313
http://2chan.tv,0.251874,0.250552,0.249373,0.248201
http://2cutelingerie.com,0.000006,0.001119,0.995743,0.003132
http://2da2.ru,0.251874,0.250552,0.249373,0.248201
http://2de.cn,0.551838,0.393219,0.052437,0.002506
http://2dgal.com,0.684357,0.259379,0.051705,0.004559
http://2gether-russia.ru,0.004216,0.988095,0.007688,0.000000
http://2gether.com.ua,0.108859,0.142114,0.286559,0.462467
http://2girl.cn,0.274012,0.703759,0.019938,0.002291
http://2jjxx.com,0.472302,0.446619,0.032630,0.048449
http://2ni2.com,0.115859,0.877562,0.006572,0.000008
http://2porn.ru,0.266212,0.260273,0.248214,0.225301
http://2shared.com,0.800843,0.199069,0.000087,0.000002
http://2sora.me,0.000508,0.007911,0.115235,0.876346
http://2v2.org.cn,0.895665,0.101245,0.003064,0.000026
http://2xiu.org,0.957241,0.042343,0.000336,0.000081
http://3000au.com,0.207421,0.273822,0.261433,0.257323
http://30gh.com,0.831005,0.168964,0.000029,0.000002
http://30link.com,0.908381,0.078564,0.012872,0.000183
http://30plus40plus.com,0.000000,0.000000,0.000013,0.999987
http://3322666.com,0.760787,0.163967,0.065681,0.009565
http://3333.ir,0.648028,0.266500,0.067431,0.018041
http://33mao.com,0.450029,0.280729,0.154886,0.114355
http://345xb.com,0.278936,0.268907,0.244016,0.208142
http://360eol.com,0.421831,0.343038,0.143701,0.091430
http://360gan.com,0.000015,0.000143,0.000750,0.999092
http://360out.com,0.889951,0.109286,0.000700,0.000063
http://3618med.com,0.571751,0.367536,0.043203,0.017510
http://36339.com,0.417068,0.350352,0.175293,0.057287
http://365am.com,0.205974,0.291456,0.233993,0.268577
http://365articles.com,0.998315,0.001684,0.000001,0.000000
http://365jia.cn,0.536632,0.463317,0.000048,0.000003
http://365shared.com,0.795631,0.203284,0.001054,0.000030
http://365sz.com.cn,0.965977,0.033950,0.000073,0.000000
http://365webg.cn,0.613509,0.369993,0.013592,0.002906
http://377833.cn,0.278936,0.268907,0.244016,0.208142
http://37dc.net,0.496413,0.438683,0.055859,0.009045
http://388bf.com,0.262765,0.259089,0.246515,0.231630
http://39.net,0.218021,0.776220,0.005589,0.000170
http://39lxw.com,0.646218,0.349669,0.004087,0.000027
http://39xa.com,0.034525,0.236848,0.630939,0.097687
http://39zs.com,0.841448,0.156045,0.002307,0.000200
http://3arabiyate.net,0.335799,0.501077,0.163061,0.000064
http://3arabshare.com,0.707194,0.291455,0.001344,0.000007
http://3c-info.cn,0.571840,0.222634,0.153618,0.051908
http://3d2f.com,0.941266,0.058182,0.000550,0.000001
http://3dcartstores.com,0.497912,0.300124,0.119621,0.082343
http://3dchinat.com,0.266212,0.260273,0.248214,0.225301
http://3ddw.com,0.282492,0.332212,0.332086,0.053210
http://3djuegos.com,0.657046,0.337964,0.004901,0.000089
http://3e100.cn,0.826688,0.172915,0.000368,0.000029
http://3fend.com,0.463164,0.317965,0.148607,0.070264
http://3freester.com,0.711378,0.284835,0.003689,0.000097
http://3gcmmb.com,0.308948,0.291613,0.238995,0.160445
http://3gmobile.hk,0.998367,0.001632,0.000001,0.000000
http://3mhr.com,0.981181,0.018699,0.000115,0.000005
http://3milliona.net,0.297461,0.284881,0.245092,0.172566
http://3qqq.cn,0.676886,0.304776,0.017426,0.000912
http://3rbco.com,0.944401,0.055390,0.000205,0.000004
http://3solat.com,0.590938,0.363594,0.044783,0.000685
http://3t.cn,0.884279,0.114914,0.000801,0.000005
http://3vids.com,0.000000,0.000000,0.000013,0.999987
http://3way.cn,0.341363,0.265834,0.263075,0.129728
http://3wishes.com,0.000001,0.006824,0.993170,0.000005
http://3x-pix.com,0.000000,0.000000,0.000003,0.999997
http://3xdesi.com,0.000000,0.000000,0.000062,0.999938
http://3xpornvideo.com,0.000000,0.000009,0.000123,0.999868
http://3xstockings.com,0.000000,0.000000,0.000002,0.999998
http://4-men.org,0.000000,0.002630,0.997370,0.000000
http://4-panama-city-beach-condo.com/index.htm,0.999950,0.000050,0.000000,0.000000
http://4-user.de,0.741766,0.156906,0.096162,0.005166
http://4-xxx-porn.com/amateur-ebony/index.html,0.000000,0.000000,0.000012,0.999988
http://4006826827.com,0.985151,0.014840,0.000009,0.000000
http://4008118860.com,0.095068,0.136353,0.287084,0.481494
http://4008823823.com.cn,0.262765,0.259089,0.246515,0.231630
http://400wyt.com,0.231029,0.315041,0.229414,0.224516
http://40sese.com,0.264663,0.259593,0.245835,0.229908
http://40sotoon.net,0.530351,0.315899,0.140889,0.012861
http://420dating.com,0.002800,0.046124,0.881482,0.069595
http://43344.cn,0.014065,0.983922,0.001943,0.000069
http://43things.com,0.840746,0.156638,0.002329,0.000287
http://444hj.com,0.907537,0.091688,0.000635,0.000140
http://44xgg.cn,0.850787,0.147462,0.001569,0.000183
http://45fa.com,0.546994,0.236280,0.125762,0.090964
http://46se.com,0.276743,0.302578,0.223704,0.196975
http://4chan.org,0.052322,0.932818,0.004404,0.010456
http://4clubbers.com.pl,0.890882,0.109051,0.000067,0.000000
http://4d.com,0.997977,0.002014,0.000008,0.000000
http://4ddxx.com,0.103272,0.201231,0.361804,0.333693
http://4desimusic.com,0.995517,0.004483,0.000001,0.000000
http://4downloads.ir,0.797085,0.199661,0.003238,0.000016
http://4ero.net,0.000000,0.000000,0.000002,0.999998
http://4ertik.ru,0.000000,0.000002,0.000017,0.999982
http://4freestories.com,0.000003,0.000452,0.019276,0.980269
http://4girls.gov,0.536699,0.432371,0.027055,0.003875
http://4heronline.net,0.988436,0.010885,0.000440,0.000239
http://4hughnet.com,0.954976,0.044993,0.000030,0.000000
http://4i.com.cn,0.528751,0.396930,0.044540,0.029779
http://4lov.ru,0.000321,0.083008,0.902587,0.014085
http://4love.ru,0.091532,0.844096,0.057876,0.006496
http://4mj.cn,0.652126,0.308967,0.023838,0.015069
http://4neurons.com,0.999950,0.000050,0.000000,0.000000
http://4pakistanimusic.com,0.251874,0.250552,0.249373,0.248201
http://4players.de,0.960615,0.039197,0.000184,0.000004
http://4ppl.com,0.263793,0.531592,0.203166,0.001448
http://4realswingers.com,0.000000,0.000000,0.000041,0.999959
http://4shared.com,0.968309,0.031683,0.000008,0.000000
http://4sora.com,0.000001,0.000064,0.000797,0.999139
http://4story.co.uk,0.478687,0.510543,0.009088,0.001682
http://4story.fr,0.648059,0.323609,0.021055,0.007277
http://4story.it,0.553762,0.446099,0.000139,0.000000
http://4udir.com,0.990518,0.009482,0.000000,0.000000
http://4umer.com,0.838889,0.155115,0.004684,0.001313
http://4whw.8m.net/,0.000000,0.000000,0.000009,0.999991
http://4x1fortune.com,0.174000,0.818651,0.007203,0.000146
http://4you-tonos.com,0.978104,0.020549,0.001108,0.000240
http://500cb.com,0.867142,0.132842,0.000016,0.000000
http://500lovemakingtips.com,0.001183,0.057026,0.940994,0.000797
http://500quan.com,0.959874,0.039725,0.000310,0.000091
http://50bang.org,0.623390,0.258502,0.067935,0.050173
http://50jm.com,0.416564,0.352534,0.160838,0.070064
http://50webs.com,0.974404,0.025567,0.000030,0.000000
http://51.com,0.016920,0.981619,0.001460,0.000001
http://51.la,0.990755,0.009158,0.000087,0.000001
http://513f.com,0.575623,0.329994,0.067603,0.026780
http://5151.tv,0.558414,0.357385,0.047081,0.037120
http://517shangwang.cn,0.070606,0.551106,0.238623,0.139665
http://517ww.com,0.619564,0.356968,0.023022,0.000446
http://5185188.com,0.879404,0.115198,0.003904,0.001494
http://51bluemall.cn,0.349276,0.552291,0.089603,0.008831
http://51daifu.net,0.266212,0.260273,0.248214,0.225301
http://51game.la,0.992802,0.005959,0.001145,0.000095
http://51gcs.com,0.363650,0.343252,0.269108,0.023991
http://51img1.com,0.088762,0.899548,0.011686,0.000004
http://51job.com,0.994285,0.005566,0.000140,0.000009
http://51logou.com,0.841530,0.158159,0.000301,0.000009
http://51mmp.cn,0.381181,0.304149,0.170947,0.143722
http://51sansan.cn,0.303988,0.603933,0.059009,0.033071
http://51tie.com,0.917969,0.081939,0.000091,0.000000
http://51toa.com,0.344636,0.274377,0.267260,0.113727
http://51web.cc,0.797166,0.194097,0.007475,0.001262
http://51wzz.com,0.720721,0.277086,0.002132,0.000062
http://51yuyin.com,0.651890,0.310568,0.028538,0.009004
http://520.com,0.697785,0.298494,0.003674,0.000047
http://5252b.com,0.264663,0.259593,0.245835,0.229908
http://5252se.name,0.262765,0.259089,0.246515,0.231630
http://52725.com,0.003580,0.178177,0.561829,0.256414
http://529981.cn,0.251874,0.250552,0.249373,0.248201
http://52mztv.cn,0.285395,0.272643,0.243072,0.198890
http://52quwei.com.cn,0.424342,0.398270,0.153091,0.024297
http://52wangming.org,0.726901,0.268424,0.004520,0.000155
http://52zwz.com,0.231760,0.257131,0.352657,0.158452
http://536link.net,0.266212,0.260273,0.248214,0.225301
http://5421555.com,0.197142,0.796270,0.006206,0.000382
http://55123.to,0.015323,0.046977,0.031758,0.905942
http://55125.cn,0.957277,0.042438,0.000202,0.000082
http://55178.cn,0.928345,0.070239,0.001355,0.000061
http://555mi.com,0.080064,0.320010,0.570906,0.029020
http://55863.com,0.581262,0.350045,0.050798,0.017895
http://55isese.com,0.458630,0.357012,0.132644,0.051713
http://55q.net,0.858466,0.141309,0.000224,0.000001
http://56.com,0.177003,0.812236,0.007109,0.003653
http://566.hk,0.559173,0.365801,0.055881,0.019145
http://566la.com,0.482096,0.244693,0.194573,0.078638
http://56shopping.com,0.216325,0.696649,0.086908,0.000118
http://56wangming.cn,0.315374,0.648038,0.036101,0.000487
http://577hy.com,0.652897,0.326195,0.016150,0.004758
http://58.218.199.7,0.665042,0.313531,0.012923,0.008503
http://5858.tv,0.387715,0.307457,0.191784,0.113045
http://58jk.com,0.304700,0.614205,0.077425,0.003670
http://58office.com,0.264663,0.259593,0.245835,0.229908
http://58pk.com,0.745966,0.247243,0.006581,0.000210
http://58rencai.cn,0.504583,0.337026,0.150423,0.007969
http://58too.cn,0.407105,0.261360,0.189862,0.141673
http://5913913.com,0.278936,0.268907,0.244016,0.208142
http://591ps.com,0.278936,0.268907,0.244016,0.208142
http://592ppc.com,0.736147,0.250762,0.013041,0.000050
http://5ara.net,0.015349,0.454213,0.529290,0.001148
http://5dye.com,0.752780,0.246580,0.000622,0.000018
http://5isotoi5.org,0.907719,0.092108,0.000163,0.000009
http://5jsq.cn,0.655342,0.260548,0.051549,0.032560
http://5jsq.com,0.637039,0.258362,0.063030,0.041569
http://5kan8.cn,0.266212,0.260273,0.248214,0.225301
http://5mature.com,0.000000,0.000006,0.000054,0.999940
http://5min.com,0.999825,0.000175,0.000000,0.000000
http://5qqcc.com,0.055960,0.293786,0.427016,0.223238
http://5thfloorproductions.com,0.001013,0.964830,0.034157,0.000000
http://5xzww.com,0.405403,0.271563,0.172065,0.150969
http://60.191.110.135,0.774437,0.223139,0.002413,0.000011
http://60.191.72.55,0.264663,0.259593,0.245835,0.229908
http://60576.net,0.405403,0.271563,0.172065,0.150969
http://61.132.221.146,0.264663,0.259593,0.245835,0.229908
http://61.132.255.208,0.302748,0.288371,0.240545,0.168337
http://61.152.237.204,0.841530,0.158159,0.000301,0.000009
http://61.211.226.199,0.522522,0.322032,0.117435,0.038010
http://61uu.com,0.942514,0.056846,0.000638,0.000002
http://62.93.166.18,0.685822,0.243132,0.062900,0.008146
http://64.208.226.188,0.185037,0.369870,0.417533,0.027560
http://64.233.163.132,0.278936,0.268907,0.244016,0.208142
http://64.32.16.16,0.560005,0.421315,0.017885,0.000795
http://64.32.16.3,0.264663,0.259593,0.245835,0.229908
http://64xxoo.com,0.001293,0.007695,0.014741,0.976271
http://65.99.207.201/~agent/tim/sex-movies.html,0.000202,0.489525,0.505436,0.004837
http://65850.com,0.262765,0.259089,0.246515,0.231630
http://66.cn,0.596736,0.346521,0.034137,0.022606
http://666521.com,0.000010,0.000857,0.064541,0.934592
http://666bdsm.com,0.000001,0.000018,0.000053,0.999929
http://66814.com,0.913493,0.084993,0.001385,0.000129
http://67.220.91.20,0.000006,0.000289,0.002404,0.997301
http://67.220.92.15,0.278936,0.268907,0.244016,0.208142
http://67.220.92.18,0.000004,0.001649,0.013401,0.984946
http://675588.com,0.207599,0.292198,0.233480,0.266724
http://678la.com,0.750847,0.247717,0.001347,0.000089
http://68jp.com,0.606285,0.166605,0.131312,0.095798
http://69.90.174.250,0.278936,0.268907,0.244016,0.208142
http://69.90.174.251,0.264663,0.259593,0.245835,0.229908
http://69.90.174.252,0.302748,0.288371,0.240545,0.168337
http://69stream.com,0.000000,0.000000,0.000001,0.999999
http://6lyrics.com,0.996097,0.003902,0.000001,0.000000
http://6rb.com,0.845584,0.153708,0.000701,0.000008
http://6rb2d.com,0.357345,0.277482,0.256864,0.108309
http://6rbmasr.com,0.578071,0.194402,0.122940,0.104587
http://6rbtop.com,0.906586,0.091715,0.001462,0.000237
http://6t9u.com,0.000000,0.000002,0.000202,0.999796
http://6tgp.com,0.000000,0.000143,0.003307,0.996550
http://6xx8.com,0.000000,0.000000,0.000034,0.999966
http://7-11av.com,0.000692,0.003762,0.006134,0.989412
http://7000se.com,0.301917,0.663662,0.029971,0.004449
http://700wyt.com,0.428382,0.387305,0.047831,0.136482
http://70yx.com,0.729782,0.259865,0.007644,0.002710
http://72.20.33.99,0.498836,0.230752,0.151603,0.118810
http://72ke.com,0.554922,0.402197,0.039910,0.002972
http://73321.cn,0.264663,0.259593,0.245835,0.229908
http://7357.cn,0.703066,0.293716,0.003121,0.000097
http://73799.com,0.419369,0.346629,0.130863,0.103139
http://74.222.142.186,0.251874,0.250552,0.249373,0.248201
http://74.222.16.78,0.289036,0.280106,0.243815,0.187044
http://74.ru,0.116684,0.732101,0.149833,0.001382
http://747xun.cn,0.482013,0.305145,0.127552,0.085290
http://7557live.cn,0.321085,0.263630,0.207872,0.207413
http://75dr.com,0.693940,0.301340,0.004674,0.000045
http://76662.com,0.572059,0.298985,0.113010,0.015945
http://768678.cn,0.447999,0.366882,0.082170,0.102949
http://7711yule.cn,0.363650,0.343252,0.269108,0.023991
http://778669.com,0.394033,0.341478,0.171727,0.092762
http://77box.com,0.786619,0.208122,0.005207,0.000051
http://78ic.com,0.159337,0.827808,0.012827,0.000028
http://79.170.40.167/micromin.net/downloads/index.php?=&=http://nickscipio.com/pod/2008/11/08_helicoptersex.html,0.838668,0.154838,0.006326,0.000169
http://798shufa.com,0.958453,0.041401,0.000138,0.000008
http://7andy.jp,0.885277,0.114472,0.000232,0.000019
http://7exp.ru,0.704075,0.262158,0.032841,0.000927
http://7hong.com,0.665576,0.314755,0.014846,0.004823
http://7kii.com,0.264663,0.259593,0.245835,0.229908
http://7olm.org,0.971597,0.028358,0.000043,0.000002
http://7pisem.ru,0.768967,0.211779,0.009937,0.009318
http://7trends.de,0.466192,0.331679,0.055802,0.146327
http://7uu6.com,0.803676,0.195810,0.000486,0.000029
http://7w8m.com,0.775985,0.220019,0.003932,0.000064
http://7x.cz,0.824546,0.169593,0.005817,0.000044
http://800hightech.com,0.994335,0.005629,0.000036,0.000000
http://801.cn,0.843126,0.146536,0.010151,0.000187
http://81.176.235.162,0.534297,0.233953,0.130937,0.100813
http://81.222.128.113,0.599969,0.267515,0.065064,0.067452
http://815.cn,0.113194,0.858429,0.027827,0.000550
http://815xx.com,0.055096,0.099165,0.192190,0.653549
http://82.98.231.92,0.636766,0.319490,0.030746,0.012998
http://82799.com,0.290872,0.270361,0.263679,0.175087
http://8282tv.com,0.864808,0.134856,0.000317,0.000019
http://82915.com,0.543289,0.317186,0.081251,0.058274
http://83565.com,0.579191,0.315599,0.067593,0.037616
http://838h.com,0.919199,0.073627,0.006499,0.000675
http://84bb.info,0.497471,0.361924,0.095558,0.045047
http://84k6b.cn,0.787107,0.201378,0.011100,0.000415
http://85.17.46.51,0.463216,0.359882,0.128905,0.047997
http://85cc.net,0.838357,0.160955,0.000682,0.000005
http://866-86.cn,0.558184,0.375947,0.048373,0.017496
http://868.la,0.638649,0.292160,0.042978,0.026213
http://8684.cn,0.916597,0.082668,0.000706,0.000028
http://8684.com,0.307999,0.249879,0.276277,0.165845
http://868cc.com,0.289036,0.280106,0.243815,0.187044
http://86on.com,0.278936,0.268907,0.244016,0.208142
http://86zhe.com,0.796434,0.203034,0.000530,0.000002
http://87.101.230.11,0.302439,0.286199,0.243044,0.168318
http://88.208.32.218,0.278590,0.266820,0.246510,0.208080
http://88.208.32.219,0.307021,0.291318,0.239872,0.161789
http://88.214.205.28,0.251874,0.250552,0.249373,0.248201
http://888.com,0.874452,0.118210,0.007235,0.000103
http://88a6.com,0.542913,0.437925,0.019100,0.000062
http://88gals.com,0.000000,0.000002,0.000449,0.999550
http://88ttd.cn,0.309322,0.251817,0.239698,0.199163
http://88vvs.cn,0.583335,0.290045,0.091164,0.035455
http://8h8h.com,0.024934,0.336786,0.434973,0.203307
http://8minutedating.com,0.173979,0.789700,0.036273,0.000048
http://8teenboy.com,0.000000,0.000000,0.000108,0.999892
http://8teenpornstars.com,0.000000,0.000000,0.000095,0.999905
http://8test.ru,0.657003,0.307133,0.027620,0.008244
http://8u.ru,0.001884,0.953684,0.044206,0.000226
http://8x438.info,0.979284,0.020663,0.000051,0.000002
http://8x449.info,0.962207,0.037744,0.000046,0.000003
http://8x451.info,0.539469,0.378641,0.053777,0.028113
http://9000se.com,0.278936,0.268907,0.244016,0.208142
http://90auto.com,0.372922,0.345987,0.259963,0.021128
http://90hou.me,0.264313,0.259779,0.248911,0.226998
http://911tabs.com,0.903303,0.084459,0.011813,0.000425
http://917lj.cn,0.817173,0.145435,0.033510,0.003882
http://91ll.com,0.562331,0.373468,0.061638,0.002563
http://91ok.com,0.300327,0.284977,0.240562,0.174134
http://91sanguo.cn,0.389981,0.336658,0.174211,0.099149
http://91si.com,0.463511,0.473814,0.062120,0.000555
http://92.242.195.1,0.930795,0.067503,0.001642,0.000060
http://922188.com,0.978802,0.020974,0.000207,0.000018
http://927xz.com,0.539469,0.378641,0.053777,0.028113
http://92js.com.cn,0.389981,0.336658,0.174211,0.099149
http://92sesese.cn,0.399760,0.271653,0.203778,0.124809
http://92xxoo.com,0.000191,0.002152,0.014395,0.983261
http://93120.cn,0.120461,0.464110,0.291167,0.124262
http://9393.cn,0.924442,0.073322,0.000774,0.001463
http://93959.com,0.394665,0.447703,0.136503,0.021130
http://93xs.com,0.251874,0.250552,0.249373,0.248201
http://9510.net,0.091816,0.906110,0.002070,0.000004
http://951s.cn,0.421831,0.343038,0.143701,0.091430
http://9527.tv,0.621578,0.359534,0.017170,0.001719
http://96446.com,0.496012,0.414888,0.084787,0.004313
http://96588o.cn,0.369476,0.277848,0.203865,0.148811
http://9666.cn,0.984090,0.015904,0.000006,0.000000
http://96bb.info,0.319365,0.255686,0.239416,0.185533
http://971d.cn,0.404670,0.361036,0.193462,0.040832
http://971dd.cn,0.386733,0.305807,0.191634,0.115825
http://97haohaowang.cn,0.426773,0.371019,0.173955,0.028252
http://97qingse.com,0.451714,0.310790,0.123294,0.114202
http://97rrb.com,0.264663,0.259593,0.245835,0.229908
http://97wen.com,0.279733,0.305129,0.233887,0.181250
http://97xxoo.com,0.000000,0.000891,0.930474,0.068635
http://987888.cn,0.156396,0.403270,0.254996,0.185337
http://988la.com,0.029759,0.214483,0.681618,0.074140
http://98ia.com,0.639624,0.170954,0.112598,0.076824
http://991.com,0.998610,0.001355,0.000035,0.000000
http://9966.net,0.894242,0.104843,0.000826,0.000090
http://99770.cc,0.274362,0.450925,0.130396,0.144316
http://999wan.com,0.971702,0.028144,0.000154,0.000001
http://99acres.com,0.855347,0.144575,0.000077,0.000000
http://99ding.com,0.283416,0.269927,0.248797,0.197860
http://99dujia.com,0.984679,0.015017,0.000292,0.000012
http://99freshers.com,0.603925,0.346120,0.049536,0.000419
http://99inet.com,0.496246,0.352833,0.114052,0.036869
http://99jpw.cn,0.434867,0.412381,0.129847,0.022905
http://99manga.com,0.058701,0.527295,0.411396,0.002608
http://99ticket.cn,0.424342,0.398270,0.153091,0.024297
http://99xjw.com,0.264663,0.259593,0.245835,0.229908
http://99yinyue.net,0.074746,0.793832,0.115404,0.016018
http://9alam.com,0.659716,0.330251,0.008761,0.001271
http://9cd.ir,0.204539,0.779407,0.015779,0.000275
http://9dgame.cn,0.256532,0.254202,0.249733,0.239532
http://9dir.com,0.966104,0.033718,0.000169,0.000009
http://9meinv.cn,0.435249,0.253559,0.164004,0.147188
http://9v2010.cn,0.481381,0.386386,0.094354,0.037879
http://9vcpc.cn,0.598948,0.205547,0.110279,0.085225
http://9vcpm.cn,0.472040,0.521581,0.004741,0.001638
http://9vcpp.cn,0.617150,0.359407,0.020198,0.003245
http://9xinh.com,0.109845,0.776687,0.095207,0.018261
http://9z5z.com,0.595092,0.398567,0.006315,0.000025
http://AOL.com,0.999119,0.000881,0.000000,0.000000
http://AllHiphop.com,0.002174,0.993070,0.004756,0.000000
http://Apartmentguide.com,0.999119,0.000881,0.000000,0.000000
http://Apartments.com,0.999119,0.000881,0.000000,0.000000
http://AsianAve.com,0.787619,0.212128,0.000247,0.000005
http://Autotrader.com,0.999254,0.000745,0.000001,0.000000
http://Beatlesarama.com,0.998896,0.001104,0.000000,0.000000
http://BlackPlanet.com,0.000097,0.979908,0.019995,0.000000
http://BlogTalkRadio.com,0.954754,0.045237,0.000008,0.000000
http://BoatingMag.com,0.999363,0.000637,0.000000,0.000000
http://Break.com,0.053481,0.929812,0.016707,0.000000
http://CarDomain.com,0.999735,0.000265,0.000001,0.000000
http://CarandDriver.com,0.999620,0.000380,0.000000,0.000000
http://CareerBuilder.com,0.999735,0.000265,0.000001,0.000000
http://CelebSlam.com,0.000039,0.225454,0.774482,0.000025
http://Cheatcodes.com,0.999591,0.000408,0.000001,0.000000
http://Classmates.com,0.995790,0.004204,0.000005,0.000000
http://Cooking.com,0.990165,0.009790,0.000045,0.000000
http://CruiseCritic.com,0.999804,0.000196,0.000000,0.000000
http://DailyMotion.com,0.004005,0.989799,0.006196,0.000000
http://DiaperSwappers.com,0.999724,0.000276,0.000000,0.000000
http://DrudgeReport.com,0.236615,0.762868,0.000516,0.000000
http://Earthlink.net,0.999919,0.000081,0.000000,0.000000
http://Elle.com,0.081250,0.914089,0.004660,0.000000
http://Ellegirl.com,0.999968,0.000032,0.000000,0.000000
http://FactMonster.com,0.993808,0.006191,0.000001,0.000000
http://Flightstats.com,0.999513,0.000487,0.000000,0.000000
http://FoxNews.com,0.998526,0.001471,0.000003,0.000000
http://a-mateurs.com,0.000000,0.000001,0.000008,0.999990
http://a-nachan.com,0.264663,0.259593,0.245835,0.229908
http://a-q-f.com,0.444567,0.340461,0.143862,0.071110
http://a1-article.com,0.119147,0.152844,0.295083,0.432926
http://a1agregator.ru,0.965563,0.034206,0.000227,0.000004
http://a1businessexpert.com,0.637349,0.320277,0.041859,0.000515
http://a1im.com,0.251874,0.250552,0.249373,0.248201
http://a1links.info,0.432221,0.259251,0.140062,0.168465
http://a2phone.com,0.995998,0.003650,0.000350,0.000001
http://a383.com,0.645847,0.209940,0.102007,0.042206
http://a4dtracker.com,0.811060,0.188745,0.000192,0.000003
http://a4traduction.com,0.962562,0.037361,0.000077,0.000000
http://a7tajk.com,0.319365,0.255686,0.239416,0.185533
http://a8.net,0.969775,0.030173,0.000052,0.000001
http://aa.com,0.947205,0.052787,0.000008,0.000000
http://aa4b.com,0.652126,0.308967,0.023838,0.015069
http://aaa.sh,0.577903,0.203507,0.116070,0.102520
http://aaa111mm.cn,0.307999,0.249879,0.276277,0.165845
http://aaaliststars.com/bkfixed11/threewayfreeway/,0.000000,0.000001,0.000038,0.999961
http://aaamath.com,0.998769,0.001228,0.000003,0.000000
http://aaasmeetings.org,0.924294,0.075606,0.000093,0.000007
http://aac.org,0.251874,0.250552,0.249373,0.248201
http://aafang.com,0.000001,0.000085,0.003760,0.996154
http://aanr.com,0.000011,0.006156,0.961611,0.032223
http://aapcn.com,0.335036,0.263307,0.265275,0.136382
http://aarpmagazine.org,0.995514,0.004478,0.000007,0.000000
http://aashiquee.com,0.128883,0.836176,0.034896,0.000045
http://aavalue.com,0.916597,0.082668,0.000706,0.000028
http://abakus-internet-marketing.de,0.937097,0.061876,0.001012,0.000014
http://abandonedbutnotforgotten.com,0.995290,0.004702,0.000008,0.000000
http://abante-tonite.com,0.795751,0.200551,0.003654,0.000044
http://abbys-sexual-health.com,0.000002,0.002650,0.996195,0.001152
http://abbysdietjournal.com,0.150471,0.287087,0.559163,0.003279
http://abbyyonline.ru,0.841530,0.158159,0.000301,0.000009
http://abc.es,0.959989,0.039788,0.000220,0.000004
http://abc.go.com,0.958816,0.041056,0.000128,0.000000
http://abc.net.au,0.848907,0.150928,0.000155,0.000011
http://abc1101.com,0.977927,0.021978,0.000082,0.000012
http://abc1102.com,0.575482,0.423371,0.001095,0.000052
http://abc1103.com,0.174575,0.808849,0.016239,0.000337
http://abc1104.com,0.897458,0.102426,0.000104,0.000011
http://abchina.com,0.576754,0.249151,0.121576,0.052519
http://abcjmp.com,0.977695,0.022036,0.000254,0.000015
http://abclocal.go.com,0.952684,0.047294,0.000022,0.000000
http://abcnews.go.com,0.965718,0.033930,0.000349,0.000003
http://abcsexologia.com,0.000001,0.001900,0.997952,0.000147
http://abcunderwear.com,0.000000,0.000092,0.999908,0.000000
http://abercrombie.com,0.073647,0.583027,0.343128,0.000199
http://abgender.com,0.003831,0.105217,0.362487,0.528465
http://abignatural.com,0.000000,0.000001,0.000043,0.999955
http://abisource.com,0.999421,0.000579,0.000000,0.000000
http://abk-soft.com,0.113957,0.804350,0.081193,0.000500
http://abledating.net,0.024596,0.897735,0.073827,0.003841
http://abledatingreview.com,0.006426,0.637253,0.356211,0.000110
http://ablelinks.com,0.999421,0.000579,0.000000,0.000000
http://abnamro.nl,0.962021,0.037954,0.000025,0.000000
http://abo-tel-portable.com,0.976338,0.022143,0.001274,0.000245
http://aboutonlinedegrees.org,0.999421,0.000579,0.000000,0.000000
http://aboutus.org,0.984751,0.015155,0.000089,0.000005
http://abrasively.info,0.664829,0.333679,0.001486,0.000006
http://abritishpub.com/,0.945956,0.054036,0.000009,0.000000
http://abroad5.com,0.295335,0.283617,0.242549,0.178499
http://abruptness.info,0.251874,0.250552,0.249373,0.248201
http://absa.co.za,0.966051,0.033948,0.000001,0.000000
http://absoluteagency.com,0.013095,0.699978,0.276561,0.010366
http://absolutecelebrities.com,0.066410,0.883800,0.049700,0.000089
http://absolutecorsets.com,0.027560,0.471511,0.497543,0.003386
